Trait QTL	HN90	HN93	HN110	HN69	HN144	HN79	HN52	HN109	HN94	HN116	HN96	HN95	HN33	HN51	HN81	HN53	HN119	HN104	HN50	HN83	HN10	HN49	HN72	HN47	HN11	HN120	HN26	HN98	HN5	HN32	HN73	HN82	HN108	HN117	HN35	HN77	HN23	HN149	HN60	HN31	HN22	HN34	HN58	HN57	HN145	HN136	HN111	HN59	HN74	HN70	HN20	HN142	HN80	HN54	HN115	HN100	HN21	HN118	HN68	HN146	HN44	HN75	HN87	HN27	HN48	HN137	HN37	HN85	HN6	HN55	HN114	HN88	HN46	HN76	HN113	HN7	HN135	HN84	HN121	HN91	HN71	HN42	HN134	HN65	HN25	HN36	HN107	HN4	HN112	HN24	HN14	HN63	HN9	HN45	HN101	HN61	HN17	HN64	HN38	HN56	HN131	HN12	HN18	HN122	HN86	HN30	HN106	HN141	HN67	HN40	HN103	HN92	HN102	HN133	HN127	HN43	HN140	HN8	HN132	HN138	HN62	HN105	HN143	HN16	HN126	HN66	HN128	HN39	HN148	HN147	HN29	HN150	HN2	HN19	HN123	HN124	HN139	HN129	HN125	HN130	HN41	HN3	HN97	HN15
Protein	AX257493193	2	1	1	2	2	1	2	1	2	1	1	1	2	1	1	1	1	1	1	1	1	1	2	1	1	1	2	1	1	2	2	2	1	2	1	1	1	2	1	1	1	1	2	2	1	2	1	1	1	2	1	1	1	1	2	1	2	1	1	1	1	1	1	2	1	2	1	1	1	1	1	1	1	1	1	2	1	1	1	1	1	1	1	1	1	1	1	1	1	2	1	2	1	1	1	2	2	1	1	1	1	1	1	2	2	1	1	1	1	1	1	1	2	2	1	1	1	1	1	1	1	1	1	1	1	2	1	2	1	1	1	1	1	1	1	1	1	2	1	1	1	1	1	1
Protein	AX257285516	1	2	2	1	2	2	1	2	1	1	2	1	2	1	1	1	2	2	1	2	1	2	1	1	1	2	1	2	1	2	1	2	2	2	2	1	2	2	2	1	2	1	1	2	2	1	1	2	2	1	1	1	2	1	1	1	1	2	1	2	1	1	2	1	1	1	1	1	2	2	1	1	1	1	2	1	2	2	1	1	1	1	1	2	1	1	2	2	1	1	1	2	2	1	2	1	1	2	1	1	2	1	1	1	2	1	1	1	1	1	2	1	1	1	1	1	2	1	2	1	1	2	1	2	2	1	1	1	2	2	1	2	1	1	1	1	1	1	2	1	2	1	1	1
Protein	AX257440285	2	2	1	2	1	1	2	2	1	2	2	1	1	1	2	1	1	2	2	2	2	1	1	1	1	1	1	2	1	2	1	1	1	1	1	1	1	1	1	1	1	1	2	1	1	1	1	1	1	1	1	1	1	1	1	1	1	1	1	1	1	1	1	1	2	1	1	2	1	2	1	1	1	1	1	1	1	2	1	1	1	1	1	1	2	1	1	2	1	2	2	1	1	1	1	1	1	1	1	1	2	2	1	2	1	1	1	1	1	1	1	1	2	1	1	1	1	1	1	1	1	1	1	1	1	1	1	1	1	1	1	1	1	1	1	1	1	1	1	1	1	1	2	1
Protein	AX257505709	1	1	1	1	1	1	1	1	1	1	1	1	1	1	1	1	1	1	1	2	1	2	2	1	1	1	2	2	1	1	1	1	2	1	2	1	2	2	2	1	1	2	1	2	1	2	1	1	2	1	2	1	2	1	2	1	1	1	1	2	1	1	2	1	2	2	1	1	2	2	1	1	1	1	2	2	2	2	1	2	2	1	2	1	2	1	2	1	1	1	1	2	1	1	2	1	2	1	1	1	1	1	2	1	2	2	1	1	2	2	1	1	1	1	1	1	2	2	1	1	1	2	2	1	1	1	1	1	2	1	2	2	2	1	1	2	1	1	1	1	1	2	2	1
Protein	AX257557288	1	1	1	1	2	1	1	1	1	1	2	1	1	1	1	1	1	1	1	1	1	2	1	1	1	1	1	2	1	2	1	2	1	1	1	2	1	1	1	1	1	1	1	1	1	1	1	1	1	1	1	2	1	1	2	1	2	1	1	1	1	1	1	2	2	1	1	2	2	1	1	1	1	1	1	1	1	1	1	1	1	1	2	2	1	2	1	2	1	2	2	2	1	1	2	2	1	1	1	1	1	1	1	2	1	1	2	1	1	1	2	1	1	1	1	1	1	2	1	1	1	1	1	1	1	2	1	2	1	2	2	1	2	2	1	1	2	1	2	1	1	2	2	1
Protein	AX257572312	2	2	2	1	2	1	1	1	1	2	2	2	2	2	2	2	1	2	2	1	2	1	1	2	2	1	2	2	1	2	2	2	1	2	2	2	2	2	2	1	1	2	2	1	2	1	2	1	2	2	1	2	1	2	2	1	1	2	2	2	2	1	1	2	1	2	2	1	2	1	2	1	2	2	1	2	1	1	1	2	2	1	2	1	1	2	1	1	1	1	1	2	1	2	2	1	1	1	2	1	2	2	2	1	2	1	1	1	1	1	1	2	1	1	2	1	2	2	2	1	2	1	1	1	1	1	2	1	2	1	2	1	2	1	1	2	1	1	1	2	2	2	2	1
Protein	AX257582176	2	1	1	2	2	1	1	2	2	2	1	1	1	1	2	1	2	1	2	2	2	2	2	2	2	1	1	1	2	2	2	1	2	1	1	1	2	2	1	1	1	2	2	1	2	1	1	1	1	1	2	2	1	1	2	2	2	2	1	2	1	2	2	1	1	1	2	2	2	2	1	1	2	1	1	2	1	1	2	1	1	2	1	2	2	1	1	1	1	1	1	1	1	1	2	2	1	1	2	2	1	2	1	1	2	1	1	2	2	1	2	1	1	1	1	1	1	1	1	2	1	2	2	1	2	1	1	1	1	1	1	1	1	2	2	2	1	1	2	1	1	1	1	2
Protein	AX216983364	2	2	1	1	1	1	1	1	1	2	1	1	2	1	1	1	2	2	2	1	1	2	2	2	2	1	1	2	1	1	2	1	2	1	2	2	1	1	1	1	1	1	1	1	1	1	2	2	2	1	1	2	1	1	2	1	1	1	1	1	1	1	2	1	1	2	1	1	1	1	1	2	1	1	1	1	1	1	1	1	1	1	2	1	2	2	1	2	2	1	2	1	1	1	1	1	1	1	1	2	1	2	1	1	1	1	1	1	1	1	1	1	1	1	2	1	2	1	1	1	1	1	1	1	2	1	1	1	1	1	1	1	1	1	1	1	2	2	1	1	1	1	1	2
Protein	AX257102078	1	2	2	1	2	2	1	2	1	1	2	1	2	1	2	1	2	2	1	1	1	1	1	1	1	2	1	2	2	2	1	2	2	2	2	1	2	2	2	2	2	1	1	2	1	1	1	2	2	1	1	1	2	1	1	1	1	2	1	2	1	1	2	1	1	1	1	1	2	2	1	1	1	1	2	2	2	2	1	1	1	1	1	2	1	1	2	1	1	1	1	1	2	1	2	1	1	2	1	2	2	1	1	1	2	1	1	1	1	1	1	1	1	1	1	1	2	1	2	2	1	2	1	2	2	1	1	1	2	2	1	2	1	1	2	1	1	2	2	1	2	1	1	1
Protein	AX257389491	2	1	1	2	2	2	1	2	1	2	2	1	1	1	1	2	2	1	1	2	1	1	1	2	2	1	1	1	2	1	2	1	2	1	1	2	1	1	1	1	1	1	2	1	1	1	2	1	1	1	1	2	2	2	2	2	1	1	2	1	1	2	2	1	1	1	2	1	1	2	1	2	2	1	2	1	1	1	2	1	2	1	1	2	1	2	1	2	1	2	2	1	1	2	1	2	1	1	1	1	2	1	1	1	1	1	1	1	2	2	2	1	1	1	1	1	1	1	1	1	2	2	1	1	1	2	2	1	1	1	1	2	1	2	1	1	1	1	2	1	1	1	1	1
Protein	AX257411558	1	1	1	1	1	1	2	1	1	1	1	1	1	1	1	1	2	1	1	1	2	2	1	2	2	1	1	2	2	1	2	1	1	1	1	1	2	1	1	2	1	1	1	1	2	1	1	2	1	2	1	1	2	2	2	2	1	1	1	2	2	1	2	1	1	2	2	1	2	2	1	1	2	1	1	1	2	2	2	2	1	1	1	1	1	1	1	1	1	2	1	2	1	2	1	2	2	1	1	2	1	1	1	1	2	2	1	1	1	2	1	1	2	2	1	2	1	2	2	1	2	2	2	2	2	1	2	1	1	2	1	2	1	1	1	1	2	2	1	1	1	1	2	2
Protein	AX216923305	1	1	2	2	1	1	1	2	1	2	1	1	1	2	2	1	1	1	1	2	1	2	1	1	1	1	1	1	1	1	2	1	2	1	1	1	1	1	1	2	1	1	1	1	1	1	1	1	1	1	1	2	1	1	1	1	1	1	1	1	2	1	1	1	1	1	1	1	1	1	1	1	1	1	2	1	1	1	1	2	1	1	1	1	1	1	1	1	1	1	1	1	1	1	1	1	1	1	1	1	1	1	1	1	1	2	1	2	1	1	1	1	1	1	1	1	1	2	2	1	1	1	1	1	1	1	1	1	1	1	1	2	1	1	1	1	1	1	1	1	1	1	1	1
Protein	AX257129318	1	1	1	2	1	1	1	1	1	2	1	2	1	2	1	1	2	1	1	2	1	1	2	1	1	1	1	1	1	1	2	1	2	1	2	1	1	2	2	1	1	2	1	1	1	1	1	1	2	2	1	2	1	1	2	1	1	2	2	1	2	2	1	1	1	2	1	1	1	1	1	1	1	2	2	2	1	2	1	2	2	2	1	2	1	1	2	1	2	2	1	2	1	1	1	2	2	2	1	2	1	1	1	1	2	2	1	2	2	1	2	2	1	1	2	2	1	2	1	2	1	1	1	2	2	2	1	1	2	1	2	2	2	2	1	1	2	2	2	2	2	2	1	1
Protein	AX257160944	2	2	2	2	2	1	2	1	2	2	2	2	2	2	2	1	2	2	2	2	2	1	2	1	1	2	1	2	1	2	2	1	1	1	2	2	2	2	1	1	1	1	2	2	1	1	1	2	2	2	2	2	2	1	2	1	2	1	1	2	2	1	2	2	1	2	1	2	2	1	1	1	1	2	1	1	2	1	1	2	2	1	2	2	1	2	1	1	1	2	1	2	1	1	2	2	2	1	1	1	1	1	2	2	2	1	1	2	1	1	2	2	2	2	1	2	2	1	1	1	1	1	1	1	1	2	1	1	1	2	2	1	1	1	2	1	2	2	2	2	2	2	1	1
Protein	AX257381976	1	1	1	1	1	1	1	1	1	1	1	1	2	1	1	1	1	1	1	1	1	1	1	1	1	1	1	1	1	1	1	1	1	1	1	1	2	2	1	1	1	1	2	1	1	1	1	1	2	1	1	1	1	1	1	1	1	1	1	2	1	1	1	1	1	1	1	1	2	1	1	1	1	1	2	1	1	1	1	1	1	1	1	2	1	1	1	1	1	1	1	1	1	2	1	1	1	1	1	2	1	1	1	1	1	1	2	1	1	1	2	1	1	1	1	1	2	1	1	1	2	1	1	1	1	1	1	2	1	2	1	2	1	1	1	1	2	1	2	2	2	1	2	1
Protein	AX257508686	1	1	1	1	1	1	1	2	1	1	1	1	1	1	1	1	1	1	2	1	1	1	1	1	1	2	1	1	1	2	1	1	1	1	1	1	1	2	1	2	1	1	2	2	1	1	1	1	1	1	1	1	1	2	2	1	2	1	1	1	1	1	1	2	2	1	2	2	1	2	2	1	1	1	1	2	2	1	1	2	2	1	1	1	1	1	1	2	1	1	2	1	1	2	2	1	2	1	1	1	1	2	1	1	2	1	1	1	1	1	1	1	1	1	1	1	1	1	1	1	2	2	2	1	1	1	2	2	2	1	2	1	2	2	1	1	1	1	1	1	2	2	1	2
Protein	AX257287510	2	2	1	2	2	2	1	2	1	1	1	1	2	2	1	2	2	1	2	1	2	1	2	1	1	2	2	2	2	2	1	2	2	2	2	2	1	1	2	2	1	1	2	2	1	1	2	1	2	1	2	1	1	1	1	2	1	1	2	1	1	2	2	2	2	1	1	1	1	1	1	2	1	1	2	1	2	1	2	1	1	2	2	1	2	2	2	2	2	2	2	1	2	1	1	2	2	1	1	2	1	2	1	1	1	1	2	2	2	2	1	1	1	1	2	1	2	2	1	2	1	1	2	1	1	2	1	2	1	1	1	2	1	1	1	1	1	1	1	1	1	1	2	1
Protein	AX257389442	2	1	1	2	1	2	1	1	2	1	1	1	1	1	1	1	1	1	1	2	1	2	1	1	1	1	1	2	1	1	1	1	1	1	1	2	1	1	1	1	1	1	1	1	1	1	1	1	1	1	1	1	2	1	1	1	1	1	1	1	1	1	1	1	1	1	1	1	1	1	1	1	1	2	1	1	1	1	1	2	1	1	1	1	1	1	1	1	1	1	1	2	1	1	1	1	1	1	1	1	1	1	1	1	1	1	2	1	1	1	2	1	1	1	1	1	1	1	1	1	1	1	1	1	1	1	1	1	1	1	1	1	1	1	1	1	2	1	1	1	1	1	1	1

